111086241309796856733642538899936530623990637897528236549663578037943252295778305900991238000971300042465441699338847516104180423195188585396855333199412226877593854102339630237053296620095470678286892102746895226487022338613312501084923773684689780021110369335986049203220690046258486426622895267460984762713
143171830932208594372320273579710041060850573292674513347681903751103620303555041792706738135773954336266180173979127484986691633810127335656903064456900752356489700790139261647800692690888519941164781920360347027246515186950882991147549380912879809470175532126615506157807868486881006967188703362380619991503
117208951571821958737034434201044936789727090576646200534704693916748070579416590532886604673881381883970067735152181133411784734070662513787106188481046016257567777685901226812574726839167175663054436530470133756162055837372746280174747599593765141624688688515468966613549283351916314542548268561459447473469
132391372382268191668675642071479267624011781667907458807446237341352279639333089622692682207721698470594024821368227493121271320607352897433070420318320145655622418830593148601477115711985713092023657385813945423345528070869548049392168496851013172908939155286107656062391943129908984527498890266824212277969
134374167862488420202691807469126433538935299601713391451195342968415190412185020603445594892300710518050282891881564871738906716263139346625194971373039224148439396083044663937725311347682550585365912452604249003001958735746606738726319398543944749022545084394511319502995255848947312284702783814134594212743
136509108648812948564514788546750097389251702491182105337908498937899921890237081073866340062158862749299144506115943561748555600059798039966896495791976200659265528167480646131978308885448060403031903568952635732708089385557617831799021745976786612013792927772066690858688286291828876643725395976880139364761
155244493046009341223568944336524158731367213472528501904892327752041102557734312267326826342333210465669584617118767491139919551641618639763058465346182362258788194837779013715938361894483115639010577511034170478722579977746892051552056318449366897997362012239862581686485454995763921543556073264385609404071
146189429379838839613263931234838333576654404946569471233900849899004471389449441749273004930249215695937846392852747238885791048350459924130697981744588213889086153873503663133191973979442392263937638954485664832009910529770040557800173851449463913278553655282668311328022308140599460640849351654133300896161
134544187372344480695197781270807668032610292394340227681791113410160955780362872517639621936037698381542393833774015769482866847322486110156291295080606146288039143483314234483785077720353578172251892484950531887780492108809510231236773276298327321303282953004102694996046124419665695410356859673433047137657
112126551479309658887562254554322213345554919874082707076332664949379468549443696899876023066887950007321565142932232145613350644008815642350735485891094346920204285300653014303979057812310757410298154902997978660677547654809587720829333688537415800081310962592551279549442553889381758962785462968198985844911
124187804191770291623495391847313229432994490302712281695803600407389637308438467644884333335918871657292557501118425160929647960560157099887010633679855504814180759884062845864105815186071634154145327679046816843271590983696122487570840854643279673435773149406737685695102818533254032806086541805622981930759
127541625946817880253839893659728662273850434579740016427557905905007145788867341290427802798064327406409131569138047614628513315957491036849887692593210618695606937650655661524872306156605332237552250897595536761249609985229606817694919581325584885819536926701913147578935199064246692130334777245669989108457
103745362599680592315568971111685388577538530826195346854014198686015571236751013488603565681524743763937325070304848796264596385399697765633837081759828189437793132649543032541755482097763082295498718605849180491579702376645579749559719194267001233611858928848747210926858143318171244160564886499758435862933
122846522480682471057703195478527799103036722248814629196208410518365455239637521643054145141594531582280885939789157293441785169202851740651694277690141283772054276207382704658428548951105823564651217874695321246383362336438568936699107295324674084127531587359262124332875525719206959125556865305525479462699
117359881113757755691417606997556729452401211617049692358815951493097008515199057954067043079002522891068782240460713646826931269158009166751088416261721913268171779401776359465159614867968769105425744218296033673171593460032604332556405784267153514180913951520695930964498829701101887481134228641726331919607
137110758585091451423573345582432257366102935342858512815060531531192124597446629414176748001724885878302239626837912652469482854607717217264695481484953230818360544340544515707943098132740280670461220555836675830375681918645893125788702579592230068449553125720650292621909092624059344516333359846164402453923
156022903647099732164386535631365633109408141801465560654365728156743281188422359928351907003206085501456209083047631369443151260260641611372662818487629431839733043211118207830439926442599946879013119714160575306673488025734091134939149900850088082545576135849814887341178016451735682829722673384691522745253
115789130781387634365238463923809366541396099669978840863361503618282737559305064896073154149700407978609650377649578323189200360624458071566010603071924303130770618302808132270191292888061974154949722296657313508968222128850543391582144077988408145548847541234449688653734823828708305177221937466708680876223
100948742310057916346594433135761808393680104229948185134126169113275270713319527212244586668588971161752976962609692029301294965074225091474559400630630187217391266309079286545387213602853512983797352782901286353872072669242390561343305171371024842691430566526991244293582617359866093596583116203547985466597
147147524494831499788783294565861587179961039103870196637418798073953461154766215934416288079497094706651689070126556984185098650146625700909237498126263795463926411754134519568904568867659066390395943281253453705438848367440033793100092065466021912006060826920850495325858459961162055386094334703835017904483
124187804191770291623495391847313229432994490302712281695803600407389637308438467644884333335918871657292557501118425160929647960560157099887010633679855504814180759884062845864105815186071634154145327679046816843271590983696122487570840854643279673435773149406737685695102818533254032806086541805622981930759
103754784516981856771528875061749624474136759224179346551740516313683033430964295190047943509369782581720410669885563880874329344069975752516547867556382527706999917837686358205772071454599619864561807203017130456095769567108398899077105003711973940078734212631866839956198579944008038002312759511294925505059
128840119574674298617407875826774262240270873714837522455110143939373255779142638393292138462380622010344336410175777216634318006089848837425850844809949889964680838952170612341617145356308596759197169732476694792892793155486391883001371701687567986066854539141547382380541268183036225141563376511183205414417
146950123805247853596736888751928258150191849537057990313144553390105364382504364239869415407601366039756396947090226701550333741657795498010712865558981813936707253743882547574270868630003572335788048693676360422276195776807640881412223479726028726591055128558328378679750874505891566959757359879105720631281
151746426817539359347551821141888582800991332009764981397465543902608931616719207999732029677890906194425657833313067267551255574480979196077575873488007635462876748745409659277507391535143552555113874026465046953039785139574057582290443098600828568706561971620748558288584719766366649657515508634571068674803
158208405106141987056393175883161630117624296189761500260053620654981584724440304957480009817310713184970089606804697247226850626378397100437665985558035989050849363317835377314613667230023468759712362957080072074380465309626602753979940773000406730163536940930142669359645864027444214010965771446702972757311
132177866316207233999982270680796880509301049246381218819721538120638527309991188099057314745563354969413547738828150717949624163548404123879473640926191862349210333731453593859096258706069476115741783725587586935437960386132252621155761205431328290720544711407654953196727272140337840925017052092348120222011
114621904746833495295074122650241300249442223852919539350899311034880385302744900000219272666993722714981498654302635792549283034238118560837976366347527280488970174001842704293309156451876222152294369510085516845956806032909206776588975698884717264054605357663402324563096859138193866325482663655986816090527
118879503302589576947747770692949796643863195057963825992427660530698818435645232210360530261286549326900735530953192795041088488897397458252297754808107876485475963804329919195688689616994395978911540645824265537874122843933189906697157249227144499070651123512409693208827574452701602453193871886513426786037
140206410379023779337620097229659682476572630425405904106864905577915064232205686149029984701715625537137679652719412913523073546381391196424751110866732312962846372414739099933897476472090779518775456952612670457211130474547327652297528844816314319678900368543792387797578503211265134096332544872866006035911
106586390330350259904847336218057889816592551421718371288906474771768825998613708619468052578133483715998961890399163987042090963778701964084500053895119011111078250566715141821522600342840752759846467893560570951189831053508378863931968686768291554936114377325262881407454323478704692002068537460351245256771
141033603832038266845740640502858297794243160681085099067651364988805387372520987124339283494539361875841517243597561966986701751103212836325617893287672590993025420236529469161039546294705022788163341858485095004384891899749508605095599039394732252187488927783141670570432551160963963188934530486643817789027
132601586438828246257394008442323809586294333191305898890884108808402971950548744629304489941399138860387651859244669816607390717375771795246065945227309169720290529075319410395399724692375601296974286805085475998386557326789908635328700235847946963857599501532742651422351827339959970928272767162636319918421
133463365341636106970424940362458580844336689179275689261493817262365193902591221766016034729447095511078965439972571698206314053350495176528613549872566564606618396467598688441202337913606538871134183156513070568043028268611696595083717330314352335922088026109545862955233879718561922112229328185677381532307
124187804191770291623495391847313229432994490302712281695803600407389637308438467644884333335918871657292557501118425160929647960560157099887010633679855504814180759884062845864105815186071634154145327679046816843271590983696122487570840854643279673435773149406737685695102818533254032806086541805622981930759
147525604736787004508608691329118477344433022918997822785579100376072738374196007061036425204590175391090303684376660241799457940116234113912170686361598052352838086732244946273106689083291465323410766972894826332872946896407547022049586860637290577659391669523555362347147370763615467412766547234060940637747
128963982233141991310764692762712396642566310724537274932496517207442629340627178461086734760254836931622673652858200411108817807147848099532104772667104442129577310689072615243992841801193320322537373963205888409038698213494115672502044761042507385414809803404632673028634282248000614033643601110746577813381
151323185921720125668758220642241477501655392158513702737804345150513152847810235801230506494580086228276454128969099222226932454879606235155169789655176598533714983473951296644090936380073308479669938312871744670355845927511034984319045981042470326667989164856547937835836591829014518004313407596685035506939
125376853130682728959105616221433381741928344118258258292389142464368171849574544089000119471249376574027223869761771793575205262380067280334250589993581595499642132088341634880628194280891874124299045534809153953499267838581490699777916240389484067018085830696477300553106707131790452750743816928666495270469
116526491903891402445875609572763624167989804798146969735749368772856364523958142813414929001216579845287217800279537718991601282888239251902530874886291184665319548415040265958201967248251791940287044078177163838662485056319701160461069660391690169454436429474375329446383179234872853425097550461633684333051
113077432129906121706665615861436603316351586676250759600029881157904896827853902839108408963271898503422351900797304225153155644496289106599470186887614283237880202938660544985640983497406196923427879182879761870079200275643839720010569683264501168007882082179838509121408472565777932215395963143858171124607
115917983620020184903998280336342126319813034284748972964802437929033087800686736130918963734117197195167213353935252094859594789018851132933949246780651454509272322295855825279862941863067882823047537112862318312564619811665191771734869549571523322997727203985119841586553499780247627943210092430596826667113
135356169421648164924883664730708114295272908767801542471549192989506165148481716670664860158705336734550827861476804353440134285605020357677826663724659745658217636838788444770854524868664387026371289699011412210094863034082772571161484720869913829631090316103516144955155680088964021353419679938577163533841
120401081542588129592723145915341613665756068937520746090584457752108451560266619843192000704206263124609595406714734507310453830881127026803779553842648264443468874535395372191037995962256118552865603414217114476149608208092290752918908167856000305043355845634598913752831726547441540421697740510971534469523
118879503302589576947747770692949796643863195057963825992427660530698818435645232210360530261286549326900735530953192795041088488897397458252297754808107876485475963804329919195688689616994395978911540645824265537874122843933189906697157249227144499070651123512409693208827574452701602453193871886513426786037
121134089818301420450267409656781688159594814873723601440890035593476582476671820420459113298637248674770824700934234373764370003247987496495085210665681524231659491376974160047521975940316450094899070120862055824440684517340271753873938627677824937634654749667638995118778887123187284268767212252394331703891
119723609650404617231214826597770641918137471763493859042653934326189513747564827235948936983413578930971452855114580324737944455939483499312730927966034761054302854047222997502755018825647000956462317693940458137234877958806444060658168436302022798514073427320043893862791532837568254932595029680845433157947
135922152512344233461118604727540655920011490312518838512291067550555772739936591393350424186076213276755611178014700670625248068163135448063846129254879947149136730464113211410341049781084762144598356594463813746333580860525594416891649062506095436833156840992927374933688630301023205147879987148348051598741
143171830932208594372320273579710041060850573292674513347681903751103620303555041792706738135773954336266180173979127484986691633810127335656903064456900752356489700790139261647800692690888519941164781920360347027246515186950882991147549380912879809470175532126615506157807868486881006967188703362380619991503
109589881563595194298361331411171036509777406032599088935550735466868367409063756699505433343251203087058390197928776723426310445797192970562289096370601576078779607256517293186644249070710445687003244579230912985984845095170302180323850479182721985197916805164359603946743768727027671893056472704194266701477
131127415799675251800164483530963489937732079001800742349383495352133065567259957259221430848294892478552542698375570568450172158130440367717855005439926590934939522242815848827864411387077507549614083486806726836147985411958566715833593130557620863442168167152917866652608731741199494782911806125741382093003
154955923243135101747872270415608048576130313102518912498448156007546800774126698122958182515456759547587436668029227042307645321731472805100061810266578888116516408577591204996182316255050115648617217562271903248716353920154758037437323397404582714324704105452013877840463580460134031754166416787878518270619
152791307583613207203221122622754761208538671671811739495430358255351910576747337113387052135194930051873305709074519317341189705050615264830543452787848878617676027504541778504772208478726830372451076298335649546569528053909942428067297181401333069573246949735414768603108692461140723677027196615393683299661
132391372382268191668675642071479267624011781667907458807446237341352279639333089622692682207721698470594024821368227493121271320607352897433070420318320145655622418830593148601477115711985713092023657385813945423345528070869548049392168496851013172908939155286107656062391943129908984527498890266824212277969
154237753126532448554105697234130200208180327128851647767014228893437252382254782957060718321559621157338113894321752992816197408086719977052412669687594972083433176102480706227831807110635650074078464905118902627563380308354474271164445001251562839199340593822047266831948153339295980556834068044939956405083
157645322913568766381341417003452745692606462436365425477591572982474881756042596205643819158772235219176730096482636899036026906390506490341762793114386879575161818295367334984038199267680229462432327305758589125583548909017605546845631156555914231022879069737295570226891587771004596375466304721533524738669
137785335986224585580480571487103229615335506642833077888709681253339788063609751301627363588380126557029362364171862997223843359813453608626551631570198221209448589409081969516844713034212028331705414518045643211134089935910977833805424674541151866299521661319106093485092133118778931533533906404223882699491
124116279126507495979349104498010119025477165515722507475862262666897808274990896227345420580650546619656609163853774183775580716789274940731441841812934931121910132662691278603313268461779239354512400160425335152586022559919518657620644428685520232709784091159317706740605339816533226430654145152940476777461
135371730689264081784077308282275704551174734147395508262517425761838773641962174427319358917084059069743202454032686187358639679251747129046810654118796867920313103207985658385543837450168046588145166660904122869289883910838636804970413831103613843871852924879770357129472330078020176368503713149522986460457
168624977498454886422692959839779516606499202676348932575656106212309453658451289993444239691162619276923053573174729301973761078092616352635244401262482257260884923125079438414474438902393934090574107988819343281578103324545491778702429441952517026692554750249605698813707159889147227750125323629034483660097