
8,223,137,2,42,8,28,186,97,114,42,74,163,238,163,23,121,2,74,158,163,23,135,2,193,158,2,62,2,184,44,20,2,137,217,196,62,249,159,137,44,111,106,111,217,50,106,111,2,62,196,217,137,2,20,106,146,111,151

2       8   0.135593
111     4   0.067797
137     4   0.067797
217     3   0.050847
62      3   0.050847
106     3   0.050847
163     3   0.050847
196     2   0.033898
20      2   0.033898
23      2   0.033898
44      2   0.033898
42      2   0.033898
158     2   0.033898
8       2   0.033898
74      2   0.033898
151     1   0.016949
159     1   0.016949
28      1   0.016949
193     1   0.016949
114     1   0.016949
238     1   0.016949
135     1   0.016949
249     1   0.016949
186     1   0.016949
184     1   0.016949
146     1   0.016949
121     1   0.016949
223     1   0.016949
97      1   0.016949
50      1   0.016949

tot     52


#####
# Solution
1. Realize the first 4 plaintext chars make up the key
2. Brute force this key, by editing the C code
3. Now that you have the key, print the entire alphabet after it, because this is in effect a simple substitution cipher
4. Use your substitution alphabet to decipher the given message

#####

key: ~F1a

./crypto50 ~F1abcdefghijklmnopqrstuvwxyzABCDEFHIJKLMNOPQRSTUVWXYZ{}
8 223 137 2 20 196 249 111 62 42 121 56 255 209 214 27 74 23 182 252 114 193 117 226 62 140 145 158 236 5 174 128 97 135 223 128 49 164 247 141 121 33 42 62 135 164 163 79 163 234 78 7 14 208 238 151

./crypto50 ~F1a0123456789
8 223 137 2 75 137 41 106 146 184 44 50 159 217 

./crypto50 '~F1a\, .?!_"#$%&()*+-/:;<=>@[]^`{|}~'
8 223 137 2 14 50 186 247 203 36 232 0 162 17 187 195 88 174 242 101 30 157 28 2 220 114 157 30 58 14 14 214 199 225 238 255 151 8

./crypto50 "~F1a'"
8 223 137 2 96 

#####

a   b   c   d   e   f   g   h   i   j   k   l   m   n   o   p   q   r   s   t   u   v   w   x   y   z   A   B   C   D   E   F   H   I   j   K   L   M   N   O   P   Q   R   S   T   U   V   W   X   Y   Z  
2   20  196 249 111 62  42  121 56  255 209 214 27  74  23  182 252 114 193 117 226 62  140 145 158 236 5   174 128 97  135 223 128 49  164 247 141 121 33  42  62  135 164 163 79  163 234 78  7   14  208

0   1   2   3   4   5   6   7   8   9
75  137 41  106 146 184 44  50  159 217 

\   ,   ' ' .   ?   !   _   "   #   $   %   &   (   )   *   +   -   /   :   ;   <   =   >   @   [   ]   ^   `   {   |   }   ~
14  50  186 247 203 36  232 0   162 17  187 195 88  174 242 101 30  157 28  2   220 114 157 30  58  214 199 225 238 255 151 8


8,223,137,2,42,8,28,186,97,114,42,74,163,238,163,23,121,2,74,158,163,23,135,2,193,158,2,62,2,184,44,20,2,137,217,196,62,249,159,137,44,111,106,111,217,50,106,111,2,62,196,217,137,2,20,106,146,111,151

~F1ag~: DrgnS{SoManySoEasyafa56ba19cfd816e3e973eafc91ab34e}